10
10
2
39
14
15
13
16
19
20
12
17
21
18
3
88
18
16
13
12
21
19
20
17
15
14
4
90
18
15
16
12
14
13
19
20
17
21
5
43
12
16
14
20
19
17
21
15
13
18
6
26
19
17
18
13
16
15
14
20
21
12
7
31
14
20
18
19
15
16
12
17
13
21
8
11
21
12
19
16
17
20
14
15
13
18
9
18
18
14
15
19
13
21
16
12
17
20
10
49
19
18
20
15
21
13
16
14
17
12
11
91
18
15
14
21
17
20
12
16
13
19
12
1
10
7
2
4
5
9
8
11
6
3
13
30
10
6
9
3
8
5
7
4
2
11
14
6
2
10
3
8
9
5
6
4
11
7
15
228
3
10
7
11
9
5
8
2
4
6
16
197
8
11
2
4
7
9
5
6
10
3
17
6
3
2
5
6
10
7
9
8
4
11
18
11
2
3
11
8
4
7
9
6
5
10
19
3
10
4
8
9
2
11
7
3
6
5
20
2
3
7
6
5
4
2
8
10
9
11
21
2
9
4
2
5
6
10
7
8
3
11
